$ANSIBLE_VAULT;1.1;AES256
39643432356632393963373665666533343735646664613833306338303136313733623966353930
3261643238366538353434383061343631623263343162330a323430353339643838363861613938
38613736393762313666393839626365663733343363333463316436616338616261656539663933
3266316134396464310a373738356333353464386162376336343662343030616235326131616134
38343032396164353061623964656339396264306338393765613663313561633461353566643834
33313563356466316536366165343734396365363939643530396539386531356438343863623438
30353661633332326131306535643866386466666639613137363566343335326464376132613831
66653738386366373966653831333538653035376664366633353462316333623838316162343766
37376236616430363163303333643533376566636131396466386236356635653036326663666137
37333963363039353162326161306538393537663765356336356233336661653339626238393733
643633313337613035303530376532313734
